~29045 BARRANQUILLA           BA   0  N10 54  W074 48    14
~YR MO DA HR I    1    2       3       4       5  6  7     8     9  10   11  12    13     14     15        16   17     18   19  20      21
 10  3  2  1 0 9999 9999 9999 ?0 9999 ?0 9999 ?0 99 99 9999. 9999. 999 9999  11   5.3 99999. 999999 999999999 9999 99999. 9999 999              
 10  3  3  2 0 9999 9999 9999 ?0 9999 ?0 9999 ?0 99 99 9999. 9999. 999 9999 339   5.1 99999. 999999 999999999 9999 99999. 9999 999              
 10  3  4  3 0 9999 9999 9999 ?0 9999 ?0 9999 ?0 99 99 9999. 9999. 999 9999  13   7.7 99999. 999999 999999999 9999 99999. 9999 999              
 10  3  5  4 0 9999 9999 9999 ?0 9999 ?0 9999 ?0 99 99 9999. 9999. 999 9999   6   7.4 99999. 999999 999999999 9999 99999. 9999 999              
 10  3  6  5 0 9999 9999 9999 ?0 9999 ?0 9999 ?0 99 99 9999. 9999. 999 9999   5   8.0 99999. 999999 999999999 9999 99999. 9999 999              
 10  3  7  6 0 9999 9999 9999 ?0 9999 ?0 9999 ?0 99 99 9999. 9999. 999 9999 360   9.0 99999. 999999 999999999 9999 99999. 9999 999              
 10  3  8  7 0 9999 9999 9999 ?0 9999 ?0 9999 ?0 99 99 9999. 9999. 999 9999  40   8.2 99999. 999999 999999999 9999 99999. 9999 999              
 10  3  9  8 0 9999 9999 9999 ?0 9999 ?0 9999 ?0 99 99 9999. 9999. 999 9999  36   7.1 99999. 999999 999999999 9999 99999. 9999 999              
 10  3 10  9 0 9999 9999 9999 ?0 9999 ?0 9999 ?0 99 99 9999. 9999. 999 9999  47   6.4 99999. 999999 999999999 9999 99999. 9999 999              
 10  3 11 10 0 9999 9999 9999 ?0 9999 ?0 9999 ?0 99 99 9999. 9999. 999 9999  50   4.8 99999. 999999 999999999 9999 99999. 9999 999              
 10  3 12 11 0 9999 9999 9999 ?0 9999 ?0 9999 ?0 99 99 9999. 9999. 999 9999  14   4.9 99999. 999999 999999999 9999 99999. 9999 999              
 10  3 13 12 0 9999 9999 9999 ?0 9999 ?0 9999 ?0 99 99 9999. 9999. 999 9999 354   6.9 99999. 999999 999999999 9999 99999. 9999 999              
 10  3 14 13 0 9999 9999 9999 ?0 9999 ?0 9999 ?0 99 99 9999. 9999. 999 9999  12   6.9 99999. 999999 999999999 9999 99999. 9999 999              
 10  3 15 14 0 9999 9999 9999 ?0 9999 ?0 9999 ?0 99 99 9999. 9999. 999 9999  20   8.8 99999. 999999 999999999 9999 99999. 9999 999              
 10  3 16 15 0 9999 9999 9999 ?0 9999 ?0 9999 ?0 99 99 9999. 9999. 999 9999  35   8.0 99999. 999999 999999999 9999 99999. 9999 999              
 10  3 17 16 0 9999 9999 9999 ?0 9999 ?0 9999 ?0 99 99 9999. 9999. 999 9999  33   6.7 99999. 999999 999999999 9999 99999. 9999 999              
 10  3 18 17 0 9999 9999 9999 ?0 9999 ?0 9999 ?0 99 99 9999. 9999. 999 9999   0   5.2 99999. 999999 999999999 9999 99999. 9999 999              
 10  3 19 18 0 9999 9999 9999 ?0 9999 ?0 9999 ?0 99 99 9999. 9999. 999 9999   7   7.4 99999. 999999 999999999 9999 99999. 9999 999              
 10  3 20 19 0 9999 9999 9999 ?0 9999 ?0 9999 ?0 99 99 9999. 9999. 999 9999  39   7.0 99999. 999999 999999999 9999 99999. 9999 999              
 10  3 21 20 0 9999 9999 9999 ?0 9999 ?0 9999 ?0 99 99 9999. 9999. 999 9999  32   6.1 99999. 999999 999999999 9999 99999. 9999 999              
 10  3 22 21 0 9999 9999 9999 ?0 9999 ?0 9999 ?0 99 99 9999. 9999. 999 9999  48   5.0 99999. 999999 999999999 9999 99999. 9999 999              
 10  3 23 22 0 9999 9999 9999 ?0 9999 ?0 9999 ?0 99 99 9999. 9999. 999 9999  41   8.1 99999. 999999 999999999 9999 99999. 9999 999              
 10  3 24 23 0 9999 9999 9999 ?0 9999 ?0 9999 ?0 99 99 9999. 9999. 999 9999  43   5.1 99999. 999999 999999999 9999 99999. 9999 999              
 10  3 24 24 0 9999 9999 9999 ?0 9999 ?0 9999 ?0 99 99 9999. 9999. 999 9999  42   6.0 99999. 999999 999999999 9999 99999. 9999 999              
 10  3 26  1 0 9999 9999 9999 ?0 9999 ?0 9999 ?0 99 99 9999. 9999. 999 9999  34   7.6 99999. 999999 999999999 9999 99999. 9999 999              
 10  3 27  2 0 9999 9999 9999 ?0 9999 ?0 9999 ?0 99 99 9999. 9999. 999 9999  47   7.1 99999. 999999 999999999 9999 99999. 9999 999              
 10  3 28  3 0 9999 9999 9999 ?0 9999 ?0 9999 ?0 99 99 9999. 9999. 999 9999  46   6.9 99999. 999999 999999999 9999 99999. 9999 999              
 10  3 29  4 0 9999 9999 9999 ?0 9999 ?0 9999 ?0 99 99 9999. 9999. 999 9999  24   7.4 99999. 999999 999999999 9999 99999. 9999 999              
 10  3 30  5 0 9999 9999 9999 ?0 9999 ?0 9999 ?0 99 99 9999. 9999. 999 9999  50   5.8 99999. 999999 999999999 9999 99999. 9999 999              
 10  3 31  6 0 9999 9999 9999 ?0 9999 ?0 9999 ?0 99 99 9999. 9999. 999 9999  41   8.9 99999. 999999 999999999 9999 99999. 9999 999              
 10  3 31  7 0 9999 9999 9999 ?0 9999 ?0 9999 ?0 99 99 9999. 9999. 999 9999 999 9999. 99999. 999999 999999999 9999 99999. 9999 999              
